30
26 27 30 24 29 25 24 27 28 26 25 20 24 26 29 21 21 22 30 26 30 23 24 23 24 30 29 25 24 20
21 24 24 28 21 25 30 26 22 27 23 25 24 22 27 21 30 24 22 25 25 26 24 26 23 22 22 24 21 30
25 28 25 26 29 23 21 27 24 26 25 23 23 22 24 21 27 24 24 29 29 23 20 30 28 22 28 28 24 23
20 30 23 22 29 26 29 24 28 23 28 21 26 22 21 28 29 30 29 21 25 30 28 27 20 20 26 26 22 24
25 26 25 20 22 21 24 30 23 25 30 30 23 23 25 23 23 28 21 27 22 27 21 23 27 23 30 22 22 27
22 22 23 21 26 21 20 25 26 22 25 24 21 21 29 27 22 29 22 29 20 21 27 20 29 29 22 22 24 21
26 26 30 30 20 22 27 27 28 24 27 24 22 29 20 28 29 29 30 27 29 29 23 30 22 21 29 27 28 25
23 30 27 21 27 23 30 26 20 26 28 26 23 30 24 30 20 23 23 23 27 26 29 24 24 23 22 27 29 21
22 23 24 22 30 24 21 24 21 26 24 23 29 20 30 27 23 30 22 21 30 21 27 23 26 30 21 21 25 23
21 25 30 27 24 30 20 21 26 27 21 23 24 26 30 29 22 26 26 26 21 23 20 29 29 23 28 26 24 30
25 25 29 20 20 21 26 28 25 25 27 27 21 20 23 21 21 21 24 26 24 30 27 24 26 26 24 21 29 26
27 20 30 24 23 22 24 21 29 28 29 30 30 20 20 22 26 23 26 23 27 23 28 21 29 25 24 25 20 30
29 30 30 29 25 20 25 28 23 22 27 23 29 27 25 22 30 27 27 24 30 27 29 25 29 21 29 24 26 20
23 23 30 29 28 25 24 23 26 24 24 24 25 21 29 20 30 22 20 21 28 30 29 27 24 20 25 21 25 22
20 27 30 29 28 25 20 27 30 27 25 22 25 30 21 30 25 23 29 24 26 22 25 27 22 30 20 27 23 23
29 22 21 24 28 20 24 21 24 30 28 27 21 20 30 25 24 20 27 24 21 28 28 27 28 26 29 22 24 29
24 23 25 30 25 26 29 27 25 20 29 21 28 26 27 22 28 27 28 23 24 28 26 21 24 22 22 22 29 29
27 27 30 23 21 29 27 22 23 21 30 22 25 30 23 28 20 28 20 29 21 28 30 22 23 24 23 30 24 27
25 30 27 21 24 30 30 29 26 29 21 25 25 30 27 22 24 28 25 26 20 20 29 28 24 28 27 27 29 23
27 26 27 21 22 30 27 24 25 28 28 30 30 28 29 24 21 27 26 23 21 27 29 23 27 21 22 26 23 20
22 24 22 25 21 23 20 22 26 29 26 21 27 27 22 28 21 21 21 28 30 26 20 28 24 28 22 21 20 24
27 23 28 30 24 23 28 27 27 26 28 28 25 30 21 29 24 20 29 26 21 26 24 28 25 25 29 20 21 24
25 28 21 29 22 26 24 27 25 30 20 27 25 27 23 22 24 25 22 30 25 22 25 20 28 20 25 26 22 23
22 24 29 25 29 27 21 23 23 21 21 23 21 24 25 26 27 25 23 20 29 27 26 24 22 30 25 22 28 27
30 21 27 22 30 30 20 30 29 27 20 24 24 20 27 21 28 29 24 23 26 23 27 22 27 22 20 22 20 21
21 26 25 27 26 24 21 26 24 28 28 30 29 20 24 27 25 28 25 27 26 24 28 27 20 29 20 23 27 23
25 25 30 26 22 30 28 23 24 20 26 27 26 26 29 23 20 30 27 20 27 24 25 27 22 27 27 29 20 22
21 25 25 29 26 28 20 27 25 29 26 27 20 20 27 29 22 24 22 21 24 20 23 24 23 26 25 22 22 24
24 21 20 27 20 29 23 20 30 25 23 21 24 20 24 27 22 30 28 30 21 23 20 25 22 26 20 30 27 27
27 27 20 29 23 25 22 30 22 28 26 30 29 29 21 22 27 22 21 25 23 20 21 24 23 26 25 23 25 23